81 5
1 7.45 78 508 1271
2 49.23 55 274 924
3 23.77 96 282 286
4 11.18 56 160 489
5 24.48 100 142 146
6 1.4 39 349 761
7 76.79 90 224 740
8 5.94 44 193 726
9 37.48 34 284 468
10 1.39 46 430 1375
11 3.59 58 373 1327
12 30.45 90 274 1075
13 5.47 68 442 713
14 23.3 54 371 432
15 17.16 85 492 1170
16 3.44 99 242 1053
17 14.52 69 114 1049
18 5.33 99 185 563
19 0.14 55 278 1069
20 2.41 88 103 581
21 44.06 99 552 987
22 56.0 100 448 483
23 17.28 32 512 1412
24 0.72 53 119 684
25 20.2 80 152 322
26 3.68 77 203 1179
27 13.9 67 508 1337
28 4.09 59 87 658
29 13.97 65 522 554
30 17.9 89 174 510
31 3.74 62 400 1330
32 24.01 42 338 1169
33 5.86 76 452 1333
34 6.56 42 144 784
35 45.8 50 129 160
36 0.71 42 434 1186
37 19.73 61 88 994
38 1.33 83 578 712
39 6.58 35 307 326
40 67.65 79 260 1140
41 10.86 54 346 780
42 3.11 30 357 1136
43 56.95 83 150 812
44 18.84 80 108 269
45 49.4 76 485 612
46 24.5 79 475 820
47 12.61 62 268 861
48 24.07 45 465 1081
49 28.92 34 528 589
50 9.02 35 465 530
51 38.61 57 230 912
52 48.38 48 329 1027
53 5.61 94 293 505
54 27.11 83 183 730
55 41.23 31 55 399
56 28.26 66 414 1131
57 11.3 71 307 1248
58 3.6 63 531 592
59 25.89 88 115 635
60 8.27 57 233 977
61 7.34 88 528 1497
62 13.5 75 197 600
63 37.95 57 433 693
64 23.53 60 374 478
65 1.83 75 83 952
66 6.78 47 48 304
67 3.55 98 438 1128
68 41.27 61 383 738
69 8.33 52 114 265
70 5.39 74 88 682
71 18.35 82 543 1048
72 21.67 86 169 582
73 42.07 70 454 866
74 2.01 40 392 784
75 17.91 56 347 557
76 7.55 38 485 528
77 51.98 33 96 842
78 51.73 37 335 928
79 12.61 52 456 1439
80 6.22 91 144 1049
81 3.54 83 384 920
